"CallCenter"
8
["Operators","Center","Time","h","x","T","fail","U"]
[2,1,1,3,3,3,1,3]
[0,1,2,3,4,7,5,6]
[[0,0,0,0,0,0,0,0,0],[0,0,0,0,0,0,0,0,0],[0,0,0,0,0,0,0,0,0],[1,1,1,0,0,0,0,0,0],[0,0,0,0,0,0,0,0,0],[0,0,0,1,1,0,0,1,0],[0,0,0,0,0,1,0,0,0],[0,0,0,0,0,0,0,0]]
[[1],[0],[0],[1],[41],[1],[0,0],[1]]
[0,0,0,3,0,3,1,0]
[0,0,0,0,0,0,1,0]
[[],[""],[""],["exp(.04v1-.3v2=2+.2v3=3-.2v3=1)"],[""],["-500lnv8v5v4^-1"],["",[null,null,null,null,null,"[1000,1000]",null]],[""]]
[[[5,15]],[[null,[null,null],[null,null]]],[[null,[null,null],[null,null]]],[[null,null]],[[0,9999999,"1","1"]],[[null,1000]],[[null,[null,null]],[]],[[0,1]]]
[2,3,3,1,1,1,2,1]
[["lvl1","lvl2"],["A","B","C"],["Morn.","After.","Even."],["lvl1"],["lvl1"],["lvl1"],["F","T"],["lvl1"]]
[[[0.5,0.5]],[[0.3333333333333333,0.3333333333333333,0.3333333333333333]],[[0.3333333333333333,0.3333333333333333,0.3333333333333333]],[[1]],[[1]],[[1]],[[0,1],[1,0]],[[1]]]
[2,2,2,6,7,0,2,5]
-982345714
[0,0,0,1,1,0,0,1,1]
