"Epoxy"
3
["Thickness","Temperature","Curing Time"]
[1,1,3]
[0,1,2]
[[0,0,0],[0,0,0],[1,1,0]]
[[0],[0],[4,4,4,4,4,4,4]]
[0,0,1]
[0,0,6]
[[],[[]],[[],[0,0,null],[0,1,null],[0,2,null],[1,0,null],[1,1,null],[1,2,null]]]
[[[null,null]],[[null,[null,null],[null,null]]],[[1,40],[15,30],[6,11],[1,3],[25,35],[15,20],[10,12]]]
[2,3,1]
[["thin","thick"],["cold","temperate","hot"],["lvl1"]]
[[[0.5,0.5]],[[0.3333333333333333,0.3333333333333333,0.3333333333333333]],[[1],[],[],[],[],[],[]]]
[2,2,1]
1301069176
[0,0,0]
