"Baby Weights"
7
["gestation","parityFirst","age","height","weight","smoke","babyWeight"]
[2,1,2,2,3,1,1]
[0,1,2,3,4,5,6]
[[0,0,0,0,0,0,0],[0,0,0,0,0,0,0],[0,0,0,0,0,0,0],[0,0,0,0,0,0,0],[0,0,0,0,0,0,0],[0,0,0,0,0,0,0],[1,1,1,1,1,1,0]]
[4,1,3,4,1,0,0]
[0,0,0,0,0,0,1]
[0,0,0,0,0,0,0]
[[],[""],[""],[""],[""],[""],[[]]]
[[[220,350]],[[null,[null,null]]],[[15,45]],[[56,72]],[[null,null]],[[null,null]],[[null,null]]]
[2,2,1,1,1,1,1]
[["lvl1","lvl2"],["1","0"],["lvl1"],["lvl1"],["lvl1"],["lvl1"],["lvl1"]]
[[[0.5,0.5]],[[0.25,0.75]],[[1]],[[1]],[[1]],[[1]],[[1]]]
[2,2,2,0,2,2,2]
