"Baby Weights"
7
["gestation","parityFirst","age","height","weight","smoke","babyWeight"]
[2,1,2,2,3,1,3]
[0,1,2,3,4,5,6]
[[0,0,0,0,0,0,0],[0,0,0,0,0,0,0],[0,0,0,0,0,0,0],[0,0,0,0,0,0,0],[0,0,1,1,0,0,0],[0,0,0,0,0,0,0],[1,1,1,1,1,1,0]]
[4,1,3,4,1,0,1]
[0,0,0,0,3,0,3]
[0,0,0,0,0,0,0]
[[],[""],[""],[""],["4824+.5278v3-226.v4+3.569v4^2-.0184v4^3+s18.5"],[""],["-80.41+.44v1+-3.33v2=1+-.01+1.15v4+.05v5+-8.40v6=1+s15.83"]]
[[[220,350]],[[null,[null,null]]],[[15,45]],[[56,72]],[[null,null]],[[null,[null,null]]],[[null,null]]]
[2,2,1,1,1,2,1]
[["lvl1","lvl2"],["1","0"],["lvl1"],["lvl1"],["lvl1"],["1","0"],["lvl1"]]
[[[0.5,0.5]],[[0.25,0.75]],[[1]],[[1]],[[1]],[[0.39,0.61]],[[1]]]
[2,2,2,0,0,2,2]
