"Baby Weights"
7
["gestation","parity","age","height","weight","smoke","babyWeight"]
[2,2,2,3,3,1,1]
[0,1,2,3,4,5,6]
[[0,0,0,0,0,0,0],[0,0,0,0,0,0,0],[0,0,0,0,0,0,0],[0,0,0,0,0,0,0],[0,0,0,0,0,0,0],[0,0,0,0,0,0,0],[1,1,1,1,1,1,0]]
[4,1,1,1,1,0,0]
[0,0,0,0,0,0,1]
[0,0,0,0,0,0,0]
[[],[""],[""],[""],[""],[""],[[]]]
[[[null,null]],[[null,null]],[[null,null]],[[null,null]],[[null,null]],[[null,null]],[[null,null]]]
[2,1,1,1,1,1,1]
[["lvl1","lvl2"],["lvl1"],["lvl1"],["lvl1"],["lvl1"],["lvl1"],["lvl1"]]
[[[0.5,0.5]],[[1]],[[1]],[[1]],[[1]],[[1]],[[1]]]
[2,2,2,2,2,2,2]
