"samplePop"
5
["y","x1","x2","x3","x4"]
[3,3,3,1,2]
[3,1,2,4,0]
[[0,1,1,1,1],[0,0,0,1,0],[0,1,0,0,0],[0,0,0,0,0],[0,0,0,0,0]]
[[1],[1,1,2],[1],[0],[4]]
[3,1,3,0,0]
[0,2,0,0,0]
[["3v3+8v4=2-8v4=3+3z+.5v5+1v3v4=2"],["",[null,null,null,1],[null,null,null,2]],["5+.1v2+3z"],[""],[""]]
[[[null,null]],[[1,7],[3,7],[2,10]],[[null,null]],[[null,[null,null],[null,null]]],[[2,8]]]
[2,1,1,3,1]
[["lvl1","lvl2"],["lvl1"],["lvl1"],["A","B","C"],["lvl1"]]
[[[0.5,0.5]],[[1],[],[]],[[1]],[[0.3333333333333333,0.3333333333333333,0.3333333333333333]],[[1]]]
[2,2,2,2,2]
-383169607
[0,0,0,0,0]
