"survival_data_with_censoring"
7
["U","T1","T2","diff","diff2","T","censor"]
[3,3,3,3,3,3,1]
[0,1,2,3,4,5,6]
[[0,0,0,0,0,0,0],[1,0,0,0,0,0,0],[0,0,0,0,0,0,0],[0,1,1,0,0,0,0],[0,1,1,0,0,0,0],[0,1,1,1,1,0,0],[0,0,0,1,0,0,0]]
[[1],[1],[41],[1],[1],[1],[0,0]]
[0,3,0,3,3,3,1]
[0,0,0,1,1,0,1]
[[],["-30lnv1"],[""],["v2-v3",[null,"","",null]],["v3-v2",[null,null,null,"",null]],[".5v2+.5v3-.5v4-.5v5"],["",[null,null,null,"[0,0]",null,null,null]]]
[[[0,1]],[[null,null]],[[0,1000,"1","30"]],[[0,null],[]],[[0,null],[]],[[null,null]],[[null,[null,null]],[]]]
[2,1,1,1,1,1,2]
[["lvl1","lvl2"],["lvl1"],["lvl1"],["lvl1"],["lvl1"],["lvl1"],["0","1"]]
[[[0.5,0.5]],[[1]],[[1]],[[1],[]],[[1],[]],[[1]],[[0,1],[1,0]]]
[4,0,0,2,2,2,2]
-982345714
[1,1,1,1,1,0,0]
